##FastQC	0.10.1
>>Basic Statistics	pass
#Measure	Value	
Filename	SRR949210_1.fastq	
File type	Conventional base calls	
Encoding	Sanger / Illumina 1.9	
Total Sequences	171822144	
Filtered Sequences	0	
Sequence length	99	
%GC	28	
>>END_MODULE
>>Per base sequence quality	pass
#Base	Mean	Median	Lower Quartile	Upper Quartile	10th Percentile	90th Percentile
1	30.859126894610277	31.0	31.0	34.0	28.0	34.0
2	31.227746983531993	33.0	31.0	34.0	28.0	34.0
3	31.299741731775853	33.0	31.0	34.0	28.0	34.0
4	34.688347102687764	37.0	35.0	37.0	32.0	37.0
5	34.62580342380083	37.0	35.0	37.0	32.0	37.0
6	34.63138669716518	37.0	35.0	37.0	32.0	37.0
7	34.816034154480114	37.0	35.0	37.0	32.0	37.0
8	34.83457685174735	37.0	35.0	37.0	32.0	37.0
9	36.46861379520442	39.0	37.0	39.0	32.0	39.0
10-14	36.26690401558486	39.2	37.0	39.4	31.2	39.4
15-19	36.74429452352778	40.0	37.0	41.0	30.4	41.0
20-24	36.45374226735292	40.0	36.6	41.0	29.8	41.0
25-29	36.284269816817094	39.8	36.6	41.0	29.4	41.0
30-34	35.84424610485596	39.0	36.0	41.0	27.4	41.0
35-39	35.50351253444958	39.0	35.0	40.6	26.6	41.0
40-44	35.54817610237712	39.0	35.0	41.0	26.6	41.0
45-49	35.176315290303904	39.0	35.0	41.0	25.2	41.0
50-54	34.646130319500614	38.8	34.2	40.0	23.6	41.0
55-59	33.993177839755035	38.0	33.4	40.0	21.4	41.0
60-64	33.221329239146264	37.2	32.6	40.0	18.4	41.0
65-69	32.32316683698231	35.8	31.6	39.0	12.0	40.8
70-74	31.334731562888656	35.0	30.8	38.2	6.0	40.0
75-79	29.91426123748054	34.0	29.4	36.2	2.0	39.0
80-84	29.4231098920521	34.0	29.2	35.8	2.0	37.6
85-89	28.292755111937147	34.0	28.2	35.0	2.0	36.4
90-94	26.847684354351905	33.0	25.4	35.0	2.0	35.6
95-99	24.175433948723164	30.8	13.4	34.2	2.0	34.8
>>END_MODULE
>>Per sequence quality scores	pass
#Quality	Count
2	2443335.0
3	702696.0
4	1195338.0
5	796181.0
6	676076.0
7	656317.0
8	534694.0
9	529376.0
10	573102.0
11	616812.0
12	649602.0
13	685528.0
14	724800.0
15	767287.0
16	799815.0
17	836428.0
18	874394.0
19	916045.0
20	969277.0
21	1048765.0
22	1155955.0
23	1304869.0
24	1484797.0
25	1714869.0
26	2004126.0
27	2353771.0
28	2778983.0
29	3308931.0
30	3991784.0
31	4879064.0
32	6082874.0
33	7825912.0
34	1.0510395E7
35	1.4832905E7
36	2.2566444E7
37	3.3112633E7
38	2.9036199E7
39	5876706.0
40	5059.0
>>END_MODULE
>>Per base sequence content	fail
#Base	G	A	T	C
1	25.841428383468745	31.57358626366282	41.452266270249574	1.1327190826188656
2	26.17430319510854	30.852615181856162	42.12927842286442	0.8438032001708873
3	26.371745886194443	29.389601079630573	43.209014442004104	1.029638592170877
4	28.23409751144122	28.454049155705246	42.05980162675178	1.252051706101759
5	27.40606460742677	29.928777689407127	41.51754199196825	1.1476157111978498
6	27.48466554561011	30.208054416692864	41.117295831155204	1.1899842065418245
7	26.56492684100663	29.9355923768121	42.37922451849283	1.120256263688438
8	25.934426351629526	30.10886075280882	42.72435874400327	1.232354151558387
9	26.64735880593267	29.464870242628226	42.63694538084612	1.2508255705929852
10-14	26.887505743360478	29.21723909049976	42.71437178398382	1.1808833821559364
15-19	26.755088283751338	28.587326499044106	43.461942706237025	1.1956425109675255
20-24	27.263637779682515	28.135594110177692	43.373537732176594	1.2272303779632014
25-29	27.649111612136352	28.03876677081697	43.10274616781394	1.2093754492327364
30-34	27.925379618443547	27.91069335093076	42.94201589397187	1.2219111366538284
35-39	27.96012487131227	27.789455243071448	43.02457499388446	1.225844891731827
40-44	28.003619464857216	27.79341337570455	42.97105347305995	1.2319136863782774
45-49	28.04901594083333	27.712990364562646	42.98386415768303	1.2541295369210073
50-54	28.086274169972576	27.728196449340203	42.92820029515051	1.2573290855367112
55-59	28.176378516369276	27.68473511809992	42.85842103504318	1.2804653304876248
60-64	28.183261595026536	27.632884595605084	42.884587854504645	1.2992659548637426
65-69	28.169510950221984	27.57347709375425	42.93080532169758	1.3262066343261931
70-74	28.264151171115664	27.59551073211936	42.7789277106603	1.3614103861046774
75-79	27.854154644653907	27.656830921978752	43.08128823256298	1.4077262008043507
80-84	27.664322192541352	27.751235414757797	43.13417243594147	1.4502699567593809
85-89	27.52900169323488	27.679089504098535	43.31706911731194	1.4748396853546426
90-94	27.40106337012887	27.54584788522063	43.539504850041766	1.513583894608732
95-99	27.1122710153201	27.52561019205153	43.826373006464244	1.535745786164125
>>END_MODULE
>>Per base GC content	pass
#Base	%GC
1	26.97414746608761
2	27.018106395279425
3	27.40138447836532
4	29.48614921754298
5	28.553680318624618
6	28.674649752151936
7	27.685183104695067
8	27.16678050318791
9	27.898184376525652
10-14	28.06838912551642
15-19	27.950730794718865
20-24	28.490868157645714
25-29	28.858487061369093
30-34	29.147290755097373
35-39	29.185969763044096
40-44	29.235533151235494
45-49	29.303145477754335
50-54	29.343603255509286
55-59	29.456843846856902
60-64	29.482527549890282
65-69	29.495717584548174
70-74	29.625561557220344
75-79	29.261880845458254
80-84	29.114592149300734
85-89	29.003841378589524
90-94	28.914647264737603
95-99	28.64801680148423
>>END_MODULE
>>Per sequence GC content	warn
#GC Content	Count
0	65143.0
1	45962.0
2	25661.0
3	26424.5
4	32347.5
5	41978.0
6	53449.5
7	65869.5
8	79758.5
9	95617.0
10	116092.5
11	146099.5
12	194813.5
13	278519.5
14	426942.0
15	689384.0
16	1125100.0
17	1794630.5
18	2732863.5
19	3905834.0
20	5210449.0
21	6521715.0
22	7721971.5
23	8734746.5
24	9503358.5
25	9957549.5
26	1.0096972E7
27	9974482.0
28	9634866.0
29	9129283.5
30	8510849.0
31	7868665.0
32	7269359.5
33	6707140.0
34	6157887.0
35	5594491.5
36	4989900.0
37	4350518.5
38	3719486.5
39	3141056.5
40	2634542.0
41	2192851.0
42	1819357.0
43	1509507.0
44	1250385.5
45	1031906.0
46	844903.5
47	689895.0
48	566795.5
49	532474.0
50	445833.5
51	324514.5
52	259417.5
53	188329.0
54	151240.5
55	122323.5
56	99000.0
57	80917.0
58	66469.5
59	54927.5
60	45607.5
61	37783.5
62	31161.0
63	25151.5
64	20365.0
65	16876.5
66	14010.5
67	11447.0
68	9265.0
69	7518.5
70	5966.0
71	4651.5
72	3770.0
73	3212.5
74	2662.5
75	2248.5
76	1912.5
77	1556.5
78	1240.5
79	972.0
80	736.0
81	561.5
82	448.0
83	329.5
84	234.0
85	187.5
86	148.5
87	119.0
88	112.0
89	100.5
90	84.0
91	78.0
92	72.5
93	64.5
94	70.0
95	81.5
96	100.0
97	123.5
98	181.5
99	397.5
100	564.0
>>END_MODULE
>>Per base N content	pass
#Base	N-Count
1	0.11926518621488043
2	0.09468279012977512
3	0.09813228730285195
4	0.0978052048983861
5	0.09462750039948285
6	0.0849715855018082
7	0.1223125233497261
8	0.15406803444380254
9	0.1956691915100303
10-14	0.33303507142827876
15-19	0.39564260122373984
20-24	0.45168857862697837
25-29	0.48259611985751966
30-34	0.4448702490873353
35-39	0.4506811415413371
40-44	0.4163039660359494
45-49	0.4526328108209382
50-54	0.43513809256157343
55-59	0.47971791109765227
60-64	0.4295961991953727
65-69	0.3842282401039065
70-74	0.25769076656382545
75-79	0.17680526672976446
80-84	0.10296356213550682
85-89	0.07549690452006
90-94	0.07181600527578098
95-99	0.07581374377449276
>>END_MODULE
>>Sequence Length Distribution	pass
#Length	Count
99	1.71822144E8
>>END_MODULE
>>Sequence Duplication Levels	warn
#Total Duplicate Percentage	28.553632418697514
#Duplication Level	Relative count
1	100.0
2	7.632530050922023
3	2.1823724351350413
4	0.931838388970359
5	0.4543722503839359
6	0.2777040056349087
7	0.20091682736163874
8	0.15241966213641558
9	0.13048046834405275
10++	3.5068069235476833
>>END_MODULE
>>Overrepresented sequences	pass
>>END_MODULE
>>Kmer Content	fail
#Sequence	Count	Obs/Exp Overall	Obs/Exp Max	Max Obs/Exp Position
CCCCC	194485	32467.885	41485.957	65-69
CCCAC	28240	218.07286	2753.8716	75-79
ACCCC	28060	216.68288	2767.2732	80-84
CCACC	27895	215.40872	2782.4358	75-79
CACCC	27675	213.70985	2484.3438	75-79
CCCCT	40640	204.71104	1759.7515	80-84
GCCCC	20655	161.98521	2684.7888	85-89
CGCGC	279370	102.92296	225.68903	50-54
CCCCA	8920	68.88136	155.86723	90-94
CCGTC	212075	50.183315	437.51358	95
CACGC	109905	39.86912	386.17822	30-34
GCGCG	1818490	31.472101	42.367023	3
CGCGG	1590125	27.51985	37.177784	4
CGCCG	74380	27.402405	360.2246	40-44
CAGCA	1535910	25.772346	87.07952	95
CGGCG	1394490	24.134052	42.15643	40-44
TCGCG	2127855	23.653433	39.210953	50-54
CGCGT	2075805	23.07484	37.45142	50-54
TCCCC	4405	22.188784	80.18421	85-89
CCCTC	4220	21.256905	116.9548	95
CCGCC	2660	20.860842	57.967308	90-94
CCCGC	2560	20.0766	63.173294	95
CGCCC	2550	19.998175	40.131214	90-94
CGTCG	1757290	19.534199	30.074978	10-14
ACCAC	54460	19.452864	343.9723	90-94
ACGCC	53470	19.396767	353.5951	40-44
CCCCG	2450	19.213932	46.084015	80-84
CGCAC	52870	19.179111	1729.053	9
CGGGC	1100525	19.046478	36.790028	8
GGCGC	1090040	18.865019	39.709015	45-49
CTCCC	3475	17.504204	57.274437	85-89
TCAGC	1590230	17.405994	55.6736	90-94
CCTCC	3410	17.176788	42.005733	90-94
ACGCG	998855	17.02174	22.98212	45-49
GCCGA	988905	16.85218	75.28725	90-94
CGCGA	981575	16.727268	24.640255	45-49
CCGAG	926960	15.796559	68.23508	90-94
CGCTC	66345	15.699219	274.9872	15-19
ATGCC	1355100	14.832359	72.84421	95
TGCCG	1268065	14.095929	71.19785	95
CTCGC	58365	13.810912	251.63145	50-54
AGACC	770245	12.924599	64.753075	95
GACCG	722120	12.305829	63.024414	95
CGTTC	1712520	12.22715	14.6723	6
CCACT	52415	12.212715	223.00589	90-94
ACCGA	696495	11.687086	63.162876	95
CGACG	635840	10.83551	28.076532	60-64
CGATC	848925	9.291979	42.98789	80-84
GCGGC	532255	9.211589	14.344167	45-49
ACCCA	23895	8.535186	124.63919	75-79
ATCGC	774540	8.477791	11.76432	90-94
AACCC	23710	8.469104	128.81577	80-84
CCGGC	22855	8.420032	127.16888	70-74
CGGTC	747825	8.312893	12.2075	45-49
TCGAA	16221465	8.212927	9.951138	9
CCGAC	22585	8.192931	590.1025	95
TCGTC	1140820	8.145293	14.302543	15-19
CGAAC	476320	7.99258	19.007019	55-59
CAACC	21655	7.7350674	126.0397	80-84
CGAAT	14854325	7.5207434	8.216422	1
GCACC	20045	7.2715206	126.733086	70-74
CGGAA	9123845	7.19198	10.323134	95
CCGAT	653875	7.157044	40.93176	95
GACGC	398785	6.795796	27.71425	40-44
CCTAC	28425	6.623035	145.43677	8
CCCTA	28065	6.539155	158.2116	7
CGTAC	576560	6.3107853	23.117182	55-59
GTCGC	567110	6.304048	17.041573	10-14
GCGTC	564280	6.272589	17.241495	30-34
TCGGC	559130	6.2153416	7.4181848	3
ATCGA	12097425	6.124925	7.1859083	8
TTCGC	848715	6.059705	8.29301	90-94
TTTCG	27592640	5.944325	6.7132587	65-69
ACGGC	346085	5.897722	22.430714	40-44
ACGGA	7246185	5.711891	7.3204985	7
TGCCC	23975	5.6732054	87.60024	85-89
GGCGG	6877295	5.5913253	6.6281343	6
AGGCG	6956055	5.5686097	6.67812	95
ACGTC	498640	5.4579053	61.069664	2
AACGC	321475	5.3943043	7.1570463	1
TTCGG	15907635	5.3355293	6.1071053	50-54
CGAGC	307870	5.2464905	20.639122	70-74
CCATC	22465	5.2343535	82.01421	65-69
CGGGG	6414155	5.214787	5.7761674	30-34
TCGGG	9922110	5.1812973	5.935573	3
TTCGA	15677760	5.177768	5.6961737	8
CGTTT	23894980	5.1477323	5.6656237	15-19
ACGAC	306580	5.1443677	20.269272	60-64
ATTCG	15564795	5.14046	5.489523	55-59
TACGC	467575	5.1178803	16.276812	20-24
TCGCC	21285	5.03667	82.29515	90-94
ACCTC	20950	4.881358	72.897156	80-84
CACCT	20895	4.868543	84.153564	75-79
AACGG	6153765	4.850778	5.5712056	3
AATCG	9511355	4.8155985	6.192736	7
GCTCC	19755	4.674626	77.80499	65-69
CTCCA	20045	4.670492	81.194954	65-69
CTGCC	19560	4.6284833	81.68099	85-89
CCTCA	19795	4.612242	79.1909	80-84
TCGTT	21061700	4.5373545	5.05397	60-64
CGTCC	19170	4.5361977	73.08769	50-54
CGGGA	5615460	4.4954085	5.230813	55-59
GCGGG	5526630	4.4932184	5.488077	7
TCGAG	8722565	4.4850307	5.296501	90-94
GAGCG	5579010	4.4662285	7.6522417	95
GGGCG	5391685	4.3835063	6.1848526	1
TTCGT	20186375	4.3487816	4.792304	65-69
GAACG	5447260	4.293867	4.89669	2
CGGTT	12785275	4.2882686	5.5267963	95
AGCGG	5353800	4.2859383	7.134455	95
CGGAC	248815	4.2401195	5.140407	8
CGAGA	5340510	4.20972	7.600893	90-94
GGCGT	7949280	4.1510916	5.5024204	2
CGGAG	5123670	4.1017103	5.2596846	8
ATCTC	580075	4.078124	37.19632	3
GCGAC	239190	4.076097	21.346659	60-64
AGCGC	232055	3.9545078	4.449546	2
TATCG	11899985	3.9301124	5.57254	9
GCGGT	7406455	3.8676298	5.7299547	95
TGCGC	346070	3.8469465	56.319954	7
TCGGA	7420840	3.8157003	5.6937633	90-94
CCTTC	24690	3.7525663	59.0225	90-94
AGACG	4600730	3.6265798	5.35817	5
GATCG	6889265	3.5423713	6.2930794	95
GACGG	4423340	3.5410666	5.2707033	6
TCGGT	10423810	3.4962168	4.0605984	50-54
TTACG	10566010	3.4895513	3.7944767	3
CGGGT	6637045	3.465846	4.270985	1
CCCTT	22520	3.422754	55.22017	90-94
CGTGC	307110	3.4138637	3.994809	4
ACGGG	4255425	3.4066436	4.164851	8
TACGT	10240550	3.382064	3.8272903	15-19
CTCGT	468355	3.3439884	19.79832	95
CGAGG	4142070	3.3158984	3.6264472	65-69
GCCGT	298145	3.3142073	25.18814	95
GTCGG	6320350	3.300469	4.0025926	2
GGTCG	6205515	3.2405024	3.6137018	45-49
ATCGG	6259575	3.2185924	5.102474	90-94
GAATC	6350765	3.215392	4.328956	6
GCGTT	9575620	3.2117286	3.6161551	15-19
GTTCG	9476655	3.1785347	3.9908905	1
TCTCG	442870	3.162029	19.46677	95
AGTCG	6086820	3.1297643	3.6537747	1
AGCGA	3910910	3.0828211	3.9001455	55-59
GCGGA	3836265	3.0710893	3.8736255	75-79
ATCGT	9285430	3.0666244	3.9301093	55-59
GCGTG	5798015	3.027707	4.4855967	25-29
AAAAA	83180140	2.940577	5.1468287	6
ACGCA	173805	2.9164226	18.00992	30-34
CCCGA	7980	2.8948233	15.126424	95
CGTCA	248145	2.7160914	58.21728	3
CGTCT	371580	2.6530285	15.193822	95
AGAGC	3319740	2.6168244	5.630061	90-94
CGCAT	231145	2.5300167	22.454897	30-34
GCCCG	6835	2.5180886	9.426722	95
CATAC	218050	2.3500748	11.493652	25-29
AGATC	4606005	2.33202	5.2160254	90-94
ACACG	123325	2.0693758	17.957256	30-34
TTCCC	13335	2.0267506	104.2353	5
ACTGC	182015	1.9922602	11.497082	60-64
GCGCA	114945	1.9588068	81.42891	8
CACAC	5460	1.9502872	7.2779455	95
CACCA	5070	1.8109809	6.2336535	75-79
CTTCC	11440	1.7387347	17.642754	20-24
GACCC	4745	1.7212954	8.76645	95
TCCCT	10980	1.6688206	103.62977	6
CATCG	144040	1.5766017	22.234186	55-59
ACCCG	4145	1.5036395	6.875647	95
TCTGC	205595	1.4679192	7.788061	95
CCCAA	4090	1.4609294	5.4161453	95
CAGAC	82240	1.3799752	17.888393	85-89
CACGT	125170	1.3700588	58.291744	6
CCAAC	3835	1.3698446	9.478254	95
GCCGC	3715	1.3686466	10.474134	95
ACTCG	121910	1.334376	11.73528	50-54
TACAC	120540	1.2991425	22.036846	25-29
CTGCG	113295	1.2593977	11.330018	80-84
CTGCA	109785	1.2016608	11.426778	35-39
CGACT	109755	1.2013324	10.726138	35-39
GACTC	108625	1.1889639	11.344068	85-89
CATGC	108410	1.1866107	21.87252	20-24
CACAT	103675	1.1173768	10.286918	10-14
TCTTC	237505	1.0891802	7.340422	95
CGACA	63860	1.0715615	17.965183	60-64
ATCCC	4585	1.0683066	5.21083	90-94
ATACC	92505	0.99699	11.393901	90-94
CTGCT	139145	0.99347556	8.234639	95
CATCA	91285	0.98384124	15.539247	65-69
CCGAA	57145	0.95888495	8.36447	95
TCATC	134230	0.94368243	7.3890967	50-54
GCACA	52790	0.8858085	16.017366	10-14
TCTCA	115850	0.8144648	37.22428	4
ACGCT	73770	0.80745566	11.632592	90-94
TACCA	74910	0.8073566	10.431813	90-94
CTTCT	172330	0.7902925	8.455175	95
CACTC	3330	0.7758913	12.256958	1
GCTCG	69590	0.77356887	11.741607	15-19
ACTCT	109780	0.7717907	7.366223	85-89
AACAC	46665	0.77102095	6.2777033	15-19
TCACG	69760	0.7635639	58.210316	5
CTCTG	106530	0.76060915	7.370812	90-94
CTCGA	63290	0.6927459	10.505674	70-74
CGCTA	63080	0.6904473	11.619108	90-94
AACTC	63940	0.68912536	10.562404	70-74
CTTCG	94925	0.67775106	7.590402	65-69
ACATC	62465	0.67322826	11.51924	65-69
GTCAC	59850	0.6550932	58.17269	4
CCGTA	59655	0.65295875	10.680386	45-49
CAATC	59225	0.6383086	10.557732	50-54
CTCAG	57470	0.6290426	11.516231	85-89
ATCAC	57770	0.622627	10.308151	15-19
CAGTC	55590	0.60846496	10.421105	35-39
CTGAC	54265	0.5939621	10.679291	35-39
TCACA	54555	0.58797675	10.282533	15-19
TCAAC	51060	0.55030876	7.9022455	80-84
TCGCT	74480	0.5317766	7.5475793	10-14
CACTG	48065	0.5260995	48.22396	95
CGGCA	29860	0.5088518	6.3594575	70-74
CTATC	67340	0.47342306	7.59075	80-84
GACCA	28085	0.47126222	6.0717487	20-24
GGACC	26555	0.45253047	6.194499	15-19
CTGTC	61355	0.43806598	7.4479156	65-69
TACTC	62010	0.43595132	7.492085	50-54
ACACA	25910	0.42809713	6.115936	25-29
CTCAT	60425	0.42480826	37.265068	5
ACAAC	25190	0.41620097	6.0358887	30-34
CACAA	24270	0.4010003	6.065638	25-29
CCAGA	23805	0.3994445	6.098891	20-24
ACCAG	23565	0.3954173	6.0972943	20-24
AGCAC	23110	0.38778242	6.0500994	70-74
CTACA	10595	0.1141896	6.978784	9
>>END_MODULE
